[gd_scene load_steps=2 format=2]

[ext_resource path="res://shared/meshes/brush_nkunion/section_nink/base1.mesh" type="ArrayMesh" id=1]

[node name="s" type="Spatial"]

[node name="0" type="SpotLight" parent="."]
transform = Transform( 1, 0, 0, 0, 0.5, -0.866025, 0, 0.866025, 0.5, 0, 221, 226 )
light_color = Color( 1, 0.72549, 0, 1 )
light_energy = 16.0
light_indirect_energy = 64.0
light_size = 1.0
light_bake_mode = 2
spot_range = 1600.0
spot_angle = 30.0

[node name="1" type="SpotLight" parent="."]
transform = Transform( -4.37114e-08, 0.866025, 0.5, 0, 0.5, -0.866025, -1, -3.78552e-08, -2.18557e-08, 232, 221, 2 )
light_color = Color( 1, 0.72549, 0, 1 )
light_energy = 16.0
light_indirect_energy = 64.0
light_size = 1.0
light_bake_mode = 2
spot_range = 1600.0
spot_angle = 30.0

[node name="2" type="SpotLight" parent="."]
transform = Transform( -1, -7.57103e-08, -4.37114e-08, 0, 0.5, -0.866025, 8.74228e-08, -0.866025, -0.5, -1.52588e-05, 221, -230 )
light_color = Color( 1, 0.72549, 0, 1 )
light_energy = 16.0
light_indirect_energy = 64.0
light_size = 1.0
light_bake_mode = 2
spot_range = 1600.0
spot_angle = 30.0

[node name="3" type="SpotLight" parent="."]
transform = Transform( 1.31134e-07, -0.866025, -0.5, 0, 0.5, -0.866025, 1, 1.13566e-07, 6.55671e-08, -232, 221, -5.99998 )
light_color = Color( 1, 0.72549, 0, 1 )
light_energy = 16.0
light_indirect_energy = 64.0
light_size = 1.0
light_bake_mode = 2
spot_range = 1600.0
spot_angle = 30.0

[node name="b" type="MeshInstance" parent="."]
transform = Transform( 8, 0, 0, 0, 8, 0, 0, 0, 8, 0, 0, 0 )
use_in_baked_light = true
mesh = ExtResource( 1 )
